100
2 1
100 20
200 10
2 2
100 20
200 10
3 2
100 10
100 10
100 10
4 2
9 3
7 1
10 1
8 4
4 3
91676 265734
62049 392616
124098 196308
987012 24682
6 4
24149 951048
278103 82584
65379 351288
148428 154734
526473 43624
376216 61047
1 1
1 1
3 1
14800 42
3548 314257
3406 352638
4 2
29934 2583
255915 98
27492 2557
27858 2752
5 3
428792 18009
352222 21924
280488 27531
14508 532266
94392 81809
6 4
25281 2790
20203 2775
26685 2031
218808 80
262685 44
29937 2208
7 4
870109 12983
661124 17087
74516 151600
105989 106583
860302 13131
63900 176786
288968 39093
10 2
23783 2732
246247 68
270860 61
202494 48
26281 2261
23986 2563
25768 2965
24043 2566
27961 2546
21875 2826
6 1
142302 540415
390747 196808
114467 671828
511263 150416
965622 79640
472729 162677
7 1
10542 35
3684 355135
3103 384558
3779 363708
3088 314705
3783 362583
15234 1
10 5
19298 46
18531 27
3742 381670
3365 307427
3826 387421
12137 22
3385 396955
3620 390509
3007 385843
3986 393045
10 5
386782 659158
587537 69150
9930 269260
357565 618500
505676 265087
824596 910027
934417 108771
254935 70445
130292 295414
131895 53522
7 4
864171 5304
418132 10962
5967 768152
20097 228072
9828 466378
225148 20358
7854 583596
10 10
1000000 1000000
1000000 1000000
1000000 1000000
1000000 1000000
1000000 1000000
1000000 1000000
1000000 1000000
1000000 1000000
1000000 1000000
1000000 1000000
8 5
246668 4
20061 2522
28223 2688
20030 2066
26064 2472
24250 2546
28891 2148
246250 33
8 5
318963 227189
531495 626971
511579 612808
605301 486282
167118 482346
43542 932475
829771 63408
704647 767498
2 1
319402 108498
209044 165776
10 3
465527 472809
215781 650343
864776 296712
850681 308510
99161 921037
44977 954665
222918 907737
452702 103569
635305 938235
957145 367222
6 2
3120 333086
10358 44
3934 384984
3580 386939
17865 6
3336 329808
9 4
9085 148329
470210 98936
356622 863898
156700 69612
449016 868654
769229 506056
374172 234520
645379 298668
781747 985559
10 2
692503 255315
156124 323841
268002 89565
597772 480812
177427 600704
309497 574618
14242 253589
859865 423262
919052 883065
226504 144290
4 1
27781 2077
29678 2677
27096 2669
232730 93
4 3
252364 54
28582 2274
20255 2853
21671 2606
8 3
12908 35
3238 392862
3925 346269
3426 310334
3582 367768
3293 377275
10881 100
3383 339467
2 1
113338 464122
178354 294934
3 2
76993 366986
79712 354468
130741 216117
8 6
225444 78731
510833 792095
704855 303924
255517 997080
832932 112181
465705 620450
859005 595556
411180 405837
3 2
60606 655836
462644 85914
45838 867132
5 3
15441 23
3400 324254
14261 86
3755 352399
3269 305441
9 3
215605 63794
41134 334378
20501 670909
74146 185503
212553 64710
734660 18722
318763 43149
358989 38314
24803 554542
2 1
18683 13
3321 380169
8 5
683829 35224
501942 47988
375003 64232
27993 860472
47804 503874
77996 308826
88578 271932
98952 243423
6 4
22358 2260
275992 78
223326 50
25320 2952
26307 2500
28945 2866
10 4
892787 946993
911553 641209
412699 129690
230738 50011
128749 230898
145778 250089
145878 105054
188530 10767
39926 614723
827306 468313
6 1
25822 2644
21445 2039
29426 2719
28814 2097
252428 74
214373 70
10 5
973205 962570
752769 430538
32165 242571
623782 103285
868900 219175
179129 215903
423918 16621
517765 704725
687665 312215
65699 352404
9 3
41008 871977
72793 491229
189556 188641
54287 658685
656460 54471
148113 241424
162397 220189
272960 131001
104301 342835
10 6
35224 370359
84796 153846
763164 17094
445179 29304
76923 169592
112574 115884
77256 168861
341649 38184
27972 466378
61404 212454
10 5
591794 982864
147511 485382
250469 200021
942063 896173
272278 177439
649426 434809
703042 942579
555510 738688
997789 394396
415672 684665
10 4
3320 320761
15757 77
3236 354947
3505 394736
11610 42
3650 369512
3603 388154
3517 318373
14805 14
3944 392268
2 1
24680 2932
277814 46
7 4
949678 69724
120107 551303
147425 449146
493717 134116
517061 128061
356708 185629
521989 126852
4 2
331778 240527
304813 261805
351428 227078
443697 179856
9 5
9338 739908
53244 129766
79373 87048
16146 427924
31668 218178
140244 49266
426972 16182
15834 436356
7192 960687
7 3
3345 380507
17870 37
19839 68
3556 320942
3703 339804
3065 353169
3032 340435
9 5
89804 684488
142510 318381
168715 255006
707068 570612
120338 84724
84809 673150
947518 679298
309850 142977
339360 943700
6 3
24003 2336
29997 2728
27721 2511
22123 2649
291335 24
204396 40
9 2
3688 300060
3750 359705
3236 350017
13149 11
3006 369817
3563 334030
3226 381461
16886 75
3116 314390
9 5
453096 90687
296856 138417
55944 734483
92278 445284
876641 46872
443889 92568
392274 104748
77314 531468
852948 48174
4 3
13625 50
3065 370193
3364 317474
3552 350973
6 3
918683 104407
781016 302256
374780 188711
590665 614908
821007 647042
210314 701098
5 3
415251 117096
67338 722092
67932 715778
593572 81918
322973 150552
4 1
382811 224846
180579 476653
105996 812045
251245 342588
3 2
893513 34776
967518 32116
119784 259407
3 1
12594 88
3716 339612
3021 366364
9 4
23905 2372
238663 49
27449 2587
25310 2785
24469 2421
24250 2812
24739 2409
22220 2438
271135 14
6 4
799873 122602
424485 469337
675095 966846
466142 364609
877878 280749
757715 565461
10 7
289817 81
217251 68
24982 2396
27996 2216
20107 2642
23905 2456
23888 2205
29051 2538
26007 2676
253846 88
4 1
724066 75579
76032 719752
60806 899980
105863 516934
6 1
291432 271376
933456 23604
545401 261866
590302 913106
81115 242367
701047 193785
3 1
177230 211999
50061 750536
391732 95914
9 4
3961 321800
10655 20
19232 23
3450 354280
3091 305985
3623 371840
3045 314482
3721 397699
3200 322367
7 2
17219 35
3166 349675
3307 333284
3073 346643
3617 378531
18236 14
3526 324923
3 2
29465 2876
263857 94
26531 2461
5 1
3906 329475
16713 34
10989 39
3876 370692
3361 311422
8 4
248733 15
23761 2744
27021 2033
211675 87
26900 2823
26132 2309
22810 2332
20115 2065
2 1
11605 82
3387 362261
10 6
289414 316383
252197 363072
980329 93403
107862 848915
171577 533671
892949 102543
139206 657771
725744 126168
228593 400562
246524 371427
5 2
216622 26
212297 86
28871 2893
24346 2391
21543 2209
10 2
3052 337284
3949 328934
3077 336801
12908 18
3278 300929
16925 20
3542 353412
3691 350893
3391 397273
15235 32
5 3
42504 145899
8372 740718
200767 30888
336168 18447
16146 384076
2 2
183816 270599
251937 197432
2 1
21313 2654
295847 82
3 1
851172 94720
89003 905846
126476 637457
2 1
233951 647356
106751 602577
6 2
534113 31028
81684 202885
16577 999726
574774 28833
110264 150298
131077 126433
2 1
772981 848329
924368 498605
10 4
273352 270406
616851 119828
94339 783515
207536 356160
386285 191351
580184 127401
81364 908461
386926 191034
158371 466727
651995 113369
10 3
371300 219047
956112 659135
53351 375516
731432 360005
347075 339803
716881 255102
660761 559680
975590 245530
257555 770657
641306 832280
7 4
79003 884323
72953 957660
193139 361730
515481 135532
621595 112395
891443 78372
546668 127800
4 3
3821 362201
3642 385850
11036 38
3933 310811
2 2
340659 66584
482328 47027
2 1
19309 71
3477 314427
8 2
26419 2365
284203 15
25427 2717
22419 2240
21684 2093
25669 2653
24018 2507
235517 79
9 5
356454 69316
962598 25668
380808 64883
667368 37023
122636 201474
25461 970424
74152 333207
402948 61318
148092 166842
3 2
816183 22568
60372 305102
329004 55986
9 4
181558 392441
691782 984744
489115 100250
880545 252629
367711 207701
194510 108677
773003 434720
342905 566704
140028 217064
10 7
546451 255213
636567 160900
238730 467051
816346 545904
314293 568299
366406 905760
843641 359176
369820 770770
118842 791849
926732 770462
2 1
34193 788071
28028 961414
5 3
319334 901285
359978 395222
761968 37635
510080 935094
369031 195520
7 2
216392 14
22978 2757
22659 2793
29873 2085
23418 2726
29346 2397
294996 53
9 5
56916 285418
158508 102486
47804 339822
346579 46872
153729 105672
59508 272986
55944 290377
152551 106488
17748 915306
9 5
34314 294372
162792 62049
757316 13338
122094 82732
35224 286767
241832 41769
32508 310726
38184 264537
176358 57276
10 4
38835 685858
62560 425756
66211 402279
110740 240521
998287 26681
839568 31725
61928 430101
35944 741022
64879 410538
407143 65420
10 6
329189 213624
474858 148092
376216 186921
101844 690494
137268 512302
106812 658378
327672 214613
96348 729882
655836 107226
578088 121647
