100
2 1
100 20
200 10
2 2
100 20
200 10
3 2
100 10
100 10
100 10
4 2
9 3
7 1
10 1
8 4
9 4
3244 346843
3398 313655
3746 371969
3656 319714
13777 70
3588 395667
14285 81
3469 316225
3845 394767
3 2
47817 95608
79254 57684
13662 334628
2 1
113136 178632
168204 120150
3 2
245014 32292
132756 59598
20769 380952
4 1
252858 78
23652 2173
23624 2731
23541 2819
2 1
862635 853668
908000 955869
8 5
587466 30044
27692 637362
304612 57942
864171 20424
456918 38628
28083 628488
53406 330484
498456 35409
2 1
88323 760301
650358 103254
2 1
21812 2718
298325 69
5 3
48546 757316
145928 251937
90644 405594
136493 269352
183396 200466
4 3
798158 137846
155897 815528
30754 930027
668670 72988
3 2
7657 591192
6426 704444
226746 19964
6 1
3272 382961
3548 394356
3927 304667
3037 362321
16936 93
18302 80
3 2
18009 706552
62744 202797
106227 119784
3 1
754593 60546
65815 694182
729857 62598
4 1
3124 383922
3918 373930
3243 335930
15910 97
9 5
27259 2094
20936 2475
27479 2221
21611 2427
276953 23
202643 31
22320 2305
27547 2167
29819 2388
3 2
14693 12
3319 313413
3569 388249
2 2
77256 106743
144072 57239
4 3
722082 883601
216092 765477
708505 452125
978444 174490
2 1
297982 61
24668 2992
7 1
164386 470755
169972 455284
758704 101997
529929 146030
635052 121857
185016 418264
755482 102432
10 4
214074 38
200180 16
24316 2910
20896 2887
29409 2398
22568 2877
27712 2172
211130 28
22468 2559
23100 2281
6 4
60078 382284
52972 433566
24738 928404
140182 163836
960876 23902
66402 345876
4 3
302279 280031
97175 871083
205122 412669
157552 537267
7 4
27461 2306
28594 2680
22048 2494
242938 80
26463 2139
281443 84
28736 2219
3 1
26190 2062
234225 6
21554 2420
8 6
28886 2030
280152 38
25782 2961
22756 2505
28265 2280
24976 2030
232460 29
20837 2153
7 5
12171 46
3477 308001
3056 311245
3330 366538
3811 312476
3574 327859
11542 98
4 2
26450 2905
283197 6
21877 2890
27722 2146
9 4
3220 324287
3019 366679
3522 321543
3731 388443
15240 75
18857 77
3755 396778
3349 320780
3183 304783
8 5
15279 26
3165 367109
3371 358306
3868 343557
3679 378629
3938 328266
3094 399146
12596 42
9 4
78020 519524
67959 596437
376095 107774
662200 61210
781771 51848
167253 242347
464815 87203
656441 61747
71027 570674
9 4
16911 13
14550 60
3066 312625
3659 316878
3729 301271
3714 328530
3502 380837
3572 350027
3804 312347
4 3
16863 18
3734 369864
3143 368983
3429 388011
4 3
79266 591413
66526 704671
52678 889915
779458 60143
10 4
16318 277291
108036 532738
955347 286369
779473 939777
849541 498402
508133 635574
744605 53173
759628 171737
633634 912589
911305 360007
8 2
556546 796980
136033 681964
384974 932745
105611 742177
446782 561057
401345 14737
964086 327564
783511 274931
3 1
266653 56
29933 2657
29857 2706
3 2
158301 55384
498456 17589
357588 24518
10 5
3380 343133
3883 330135
15378 14
10893 31
19036 60
3498 375125
3488 359562
3555 320691
3704 320735
3041 319846
5 3
272929 297342
21877 473005
586223 512996
503066 488637
98592 341425
4 3
132867 183352
962598 25308
127452 191142
30229 805896
1 1
1 1
3 1
129562 609665
216423 364977
229962 343489
4 1
321024 243989
762969 975484
182247 260314
986364 916070
5 1
333378 272586
470619 193095
304431 298505
462650 196421
152420 596209
10 6
712908 19778
149814 94116
515592 27347
847044 16646
35588 396198
164703 85608
18942 744372
154008 91553
616308 22878
320292 44022
6 4
3860 367887
3321 319150
10515 41
17161 80
3976 392662
3036 318404
5 3
3752 311204
10932 74
11739 76
3086 309303
3412 346719
10 7
3427 308300
3511 336764
3346 302461
3265 331900
3993 380276
3616 377353
14047 40
14630 87
3173 315660
13093 18
4 3
281015 4
24926 2187
28846 2090
20513 2491
5 3
497967 97234
497967 97234
353271 137060
139220 347790
82761 585050
10 10
1000000 1000000
1000000 1000000
1000000 1000000
1000000 1000000
1000000 1000000
1000000 1000000
1000000 1000000
1000000 1000000
1000000 1000000
1000000 1000000
2 1
16985 663114
118604 94963
8 2
154927 169576
607302 728598
903510 201573
101640 674900
680646 998801
675678 206692
875199 640407
900573 110397
4 3
816922 53405
76883 567456
68454 637329
56552 771462
7 1
57739 309728
52721 339208
520017 34390
43025 415651
822792 21735
240097 74484
479756 37276
6 1
261483 157955
101764 405866
121247 340648
254781 162110
61176 675143
312692 132087
6 4
3207 355015
3736 369541
3631 348685
11884 40
3064 338628
16099 59
8 5
18862 92
3539 347843
3589 334771
3339 342746
3523 358627
3741 323676
3603 385257
16792 77
4 2
647860 356769
941539 941587
286717 937673
310244 331986
3 1
3486 342699
12188 23
3991 359993
10 3
901332 220731
109866 424125
751150 42059
334581 960638
729175 917387
716502 90837
355017 316462
707257 654871
855502 334992
267259 451074
7 4
3360 372558
3616 332195
11580 70
3857 340404
3415 354670
3837 350483
10113 80
4 3
126063 157768
202797 98072
732711 27144
190008 104673
8 6
107313 686193
95797 768682
96784 760843
208993 352344
184217 399732
79761 923226
162994 451780
116867 630096
10 4
48655 858897
343638 153032
260541 198650
409385 371153
452181 126219
867055 860420
124616 363747
870768 61679
493060 339433
195673 562970
3 1
3871 356383
19992 70
3259 313194
3 2
259345 77
27139 2055
27160 2521
7 4
71208 293601
47817 437224
186714 111972
36828 567686
31119 671832
47058 444276
59892 349074
2 2
20254 811188
51948 316274
6 4
22753 2513
278794 2
23385 2591
26259 2099
26718 2488
222635 5
3 2
55614 47124
4991 525096
290904 9009
8 6
63057 983013
45774 747043
901922 653348
584568 512839
952240 988831
459142 864050
872674 67289
672997 409764
7 5
86677 387054
994097 17603
773259 988675
53094 421748
104367 214856
330093 230852
944599 394064
5 2
208324 86
20257 2574
27949 2284
25462 2099
243157 4
7 3
751927 916266
920452 222677
983267 807225
746062 288251
118720 489370
573188 838125
843255 429378
5 1
570084 417260
48435 636632
795218 563402
148179 830975
983732 59913
4 3
793611 9176
118104 61659
610204 11934
235144 30969
9 3
20501 2993
252154 16
23857 2643
21866 2727
24172 2301
25545 2256
29116 2112
243159 83
20486 2164
8 6
290183 92
29362 2621
27387 2129
273471 2
20904 2397
22313 2493
25399 2631
23167 2667
8 5
860917 55564
697189 894663
402175 620008
255372 658406
60509 695499
325937 216580
723134 169111
806623 728756
4 3
117304 104139
339416 35991
850454 14364
410564 29754
2 2
130548 60606
37444 211302
9 4
562180 925981
312229 829731
836381 254283
100277 717020
859468 3086
718909 377372
321652 88746
318049 998152
401208 35595
7 5
355453 892900
523934 810870
573567 487382
871416 65315
588147 183834
77147 173551
23940 575551
2 1
17594 66
3230 369518
2 1
337359 212634
432044 166034
4 3
79587 713473
530457 581321
557612 244823
741040 92682
9 6
375630 233007
149381 585914
178973 489037
572257 152946
308690 283535
566131 154601
284990 307114
641012 136541
139300 628316
4 1
578309 103579
353365 169515
108921 549946
574460 104273
6 2
22877 2396
20620 2952
212524 51
25968 2292
225851 14
21131 2632
5 3
99402 909610
407734 221755
242864 372295
503304 179647
708481 127621
9 4
29727 2513
293058 66
20775 2012
29349 2190
23682 2590
214244 71
29740 2468
29504 2625
28775 2928
5 3
26187 882648
34684 666414
105651 218776
825084 28014
37352 618813
