100
1 1
540 600
840 900
2 0
900 1260
180 540
1 1
1439 1440
0 1
0 2
808 848
719 791
2 0
145 421
1253 1440
1 1
0 1
1439 1440
0 2
1323 1357
1357 1440
0 2
66 449
1215 1440
0 1
1081 1440
0 2
1024 1038
1431 1440
2 0
10 360
1080 1430
0 1
1253 1440
2 0
1382 1440
863 1382
0 2
973 979
1262 1440
2 0
270 579
265 270
0 2
1408 1440
833 1408
0 1
385 515
0 2
541 901
180 540
2 0
884 943
943 1440
1 0
1108 1440
2 0
274 933
992 1039
0 2
1404 1440
769 1012
2 0
728 925
1311 1440
2 0
658 715
827 932
0 2
17 190
756 1218
1 0
1239 1440
0 2
1439 1440
0 1
1 1
582 848
848 1081
0 2
1171 1440
770 1171
2 0
1439 1440
0 1
2 0
1313 1369
1397 1440
0 2
1141 1206
1206 1440
1 1
662 1317
1317 1440
0 2
1213 1293
942 1213
2 0
1309 1440
1031 1309
0 2
162 558
558 716
0 2
1214 1313
908 1214
0 2
1407 1440
1337 1407
0 2
259 412
1244 1440
0 2
1413 1440
641 743
1 0
186 738
0 2
923 931
260 500
0 2
0 360
1080 1440
0 1
201 464
0 2
537 675
675 1075
0 2
1414 1440
23 322
0 2
10 360
1080 1440
0 2
221 229
1108 1440
2 0
10 360
1079 1429
2 0
1312 1440
954 1312
2 0
720 1254
1317 1440
2 0
1079 1429
0 360
1 0
1057 1133
0 2
95 126
848 1440
1 0
376 789
0 2
1429 1440
691 1011
0 2
991 1044
632 693
2 0
948 1238
1238 1440
2 0
480 624
126 480
0 2
1293 1440
823 1293
0 1
45 68
2 0
955 1341
1341 1440
1 1
501 712
212 501
2 0
1080 1430
11 361
2 0
700 727
159 700
0 2
1278 1322
1322 1350
2 0
216 389
50 216
0 1
799 979
2 0
512 1140
489 512
0 2
1256 1440
834 1256
2 0
1080 1430
0 360
1 0
1001 1303
0 2
1109 1271
1271 1440
2 0
802 990
990 1440
2 0
1132 1381
1381 1440
0 2
340 795
1224 1440
1 0
124 146
1 1
307 415
415 555
2 0
332 596
596 620
0 2
540 900
179 539
1 0
197 203
0 2
540 900
180 540
1 0
734 1440
0 2
278 386
1020 1440
1 0
153 212
0 2
11 361
1080 1440
2 0
1275 1440
728 1275
0 1
154 257
0 2
23 576
576 600
0 2
6 186
1056 1265
0 2
1024 1440
727 1024
0 2
598 1040
1192 1440
0 2
249 470
470 558
2 0
560 568
1154 1440
2 0
975 1192
1192 1440
1 1
648 1132
1424 1440
0 2
1347 1440
224 579
2 0
1349 1440
1332 1349
2 0
218 336
336 831
1 1
422 974
1372 1440
